0 0.499173 0.142485 0.094907 0.089534
0 0.622851 0.226438 0.112103 0.067956
0 0.586806 0.297619 0.086310 0.080853
0 0.505456 0.212426 0.070437 0.057292
0 0.486111 0.273438 0.072090 0.058284
0 0.417824 0.235739 0.090278 0.064732
1 0.342427 0.152654 0.086310 0.064732
1 0.339451 0.218874 0.083664 0.072173
1 0.436508 0.191964 0.110450 0.076389
1 0.558036 0.626612 0.632606 0.443204
2 0.338790 0.174231 0.102183 0.163938
2 0.427249 0.196801 0.097884 0.165923
2 0.506283 0.233011 0.106481 0.188740
2 0.599702 0.259921 0.129299 0.178075
