0 0.461062 0.399636 0.103175 0.136574
0 0.355655 0.462963 0.089286 0.109127
0 0.368924 0.556713 0.082589 0.098214
0 0.503596 0.191799 0.036458 0.054233
0 0.425471 0.492725 0.083581 0.115741
0 0.442088 0.605159 0.078621 0.113757
0 0.509053 0.666832 0.088542 0.124669
1 0.491195 0.550595 0.097470 0.127646
1 0.616071 0.598545 0.120536 0.146825
1 0.608631 0.733466 0.114087 0.152116
1 0.729415 0.298280 0.034722 0.059524
1 0.497024 0.234127 0.038194 0.046296
2 0.503224 0.214947 0.053571 0.126984
2 0.347842 0.500992 0.118304 0.286376
2 0.438244 0.538525 0.119048 0.295304
2 0.503224 0.599041 0.095238 0.315146
2 0.609871 0.651455 0.137897 0.351852
