0 0.179936 0.441468 0.154514 0.169974
0 0.187500 0.765046 0.146329 0.172950
0 0.521825 0.787698 0.137401 0.205026
0 0.692956 0.421131 0.175099 0.210648
0 0.719370 0.607308 0.150546 0.184193
0 0.711062 0.800761 0.153770 0.209325
0 0.895833 0.602513 0.176091 0.198413
0 0.913070 0.798115 0.173859 0.206019
1 0.172123 0.599041 0.167163 0.156415
1 0.339534 0.425926 0.139881 0.171958
1 0.356895 0.604001 0.156250 0.192791
1 0.343626 0.776620 0.138145 0.163029
1 0.498264 0.432044 0.156250 0.219246
1 0.548239 0.617229 0.132192 0.190807
1 0.924603 0.406250 0.150794 0.194114
2 0.166295 0.665179 0.200149 0.392526
2 0.345362 0.678406 0.194196 0.447421
2 0.514757 0.690146 0.197669 0.439815
2 0.706969 0.706515 0.201637 0.488426
2 0.903522 0.696098 0.192956 0.511243
