0 0.518519 0.197917 0.073413 0.060516
0 0.693122 0.270709 0.091931 0.065724
0 0.670800 0.329985 0.096230 0.063740
0 0.553075 0.304563 0.079034 0.049603
0 0.506944 0.241567 0.058862 0.044147
0 0.508433 0.292287 0.064484 0.046379
0 0.459491 0.286334 0.067791 0.051835
1 0.457341 0.235615 0.068783 0.054067
1 0.550099 0.201637 0.067791 0.061508
1 0.564484 0.255084 0.070767 0.053819
1 0.376819 0.553695 0.319114 0.207093
1 0.384755 0.746156 0.257606 0.201637
2 0.438657 0.261533 0.118056 0.138145
2 0.495370 0.258929 0.067460 0.117560
2 0.560185 0.275546 0.105159 0.131448
2 0.678075 0.293279 0.139220 0.169395
2 0.367394 0.648189 0.412698 0.499256
