0 0.359375 0.255622 0.134921 0.175265
0 0.215154 0.271164 0.142113 0.166667
0 0.217510 0.568783 0.133929 0.153439
0 0.523438 0.583664 0.137153 0.156746
0 0.706597 0.433697 0.137897 0.169643
0 0.679688 0.587963 0.135665 0.171958
0 0.857391 0.431052 0.158730 0.172950
0 0.862475 0.593089 0.150546 0.166336
1 0.515997 0.272817 0.127232 0.167328
1 0.687128 0.266865 0.142113 0.188492
1 0.889633 0.261905 0.153770 0.185185
1 0.199777 0.420966 0.128224 0.148810
1 0.376364 0.419478 0.130704 0.161045
1 0.370164 0.572090 0.134673 0.148810
1 0.546627 0.443122 0.140377 0.177249
2 0.201389 0.482804 0.186012 0.360450
2 0.366071 0.496032 0.171131 0.388889
2 0.530506 0.499835 0.162698 0.392526
2 0.692212 0.512070 0.163690 0.420966
2 0.868552 0.509259 0.176091 0.421958
